100
100PACK
101
102
103
105
106
107
108
109
110
111
112
113
114
115
116
117
118
119
120
121
122
123
124
125
126
127
128
129
130
131
132
133
134
135
136
137
138
139
140
142
143
144
145
146
147
148
149
150
151
152
153
154
155
156
157
158
159
160
161
162
163
164
165
166
166PACK
167
168
169
1702017
1702018
171
173
174
175
176
177
178
179
180
181
192
197
198
199
217
231
232
233
234
235
236
237
238
240
241
242
245
246
247
247PACK
248
249
249PACK
251
251PACK
252
252PACK
253
254
255
259
260
261
262
264
265
266
267
268
269
270
271
272
273
274
275
276
277
278
279
280
281
282
283
287
288
289
290
291
292
293
294
295
296
297
299
300
301
302
303
304
305
306
307
308
309
310
311
312
313
314
315
316
317
318
319
320
321
323
324
325
326
327
328
329
330
331
332
333
334
335
336
337
338
339
340
342
343
344
345
346
347
348
349
350
351
352
353
354
355
356
357
358
359
360
361
362
363
364
365
366
367
368
369
370
371
372
373
374
375
376
377
378
379
380
381
382
383
384
385
386
387
388
389
391
392
393
394
395
396
397
398
399
406
407
411
412
413
414
415
416
417
418
419
420
421
422
423
424
431
432
433
434
441
442
448
449
450
451
452
453
454
455
456
457
458
459
460
461
462
463
464
465
470
471
472
473
474
475
476
481
482
483
501
502
503
504
505
506
507
508
509
513
514
514PACK
515
517
519
520
521
522
523
524
525
526
548
550
600
600PACK
601
602
603
604
605
606
607
608
609
610
611
612
613
614
632PACK
633PACK
700
701
702
703
704
705
706
707
708
709
710
711
712
713
715
80
80PACK
81
81PACK
82
82PACK
83
83PACK
84
84PACK
85
85PACK
86
86PACK
87
87PACK
88
88PACK
89
89PACK
90
90PACK
91
91PACK
92
92PACK
93
93PACK
94
94PACK
95
95PACK
96
96PACK
97
97PACK
98
98PACK
99
99PACK
DUO01
DUO02
NSK-01
NSK-02
NSK-03
NSK-04
NSK-05
NSK-06
NSK-07
NSK-08
NSK-09
NSK-20
NST-510
NST-511
NST-516
NST-517
NST-519
NST-520
NST-521
NST-522
NST-523
NST-524
NST-525
NST-526
NST-548
POL01
POL02
POL03
POL04
POL05
POL06
POL07
POL08
POL09
POL10
POL11
POL12
POL13
POL14
POL15
POL16
POL17
POL18
POL19
POL20
POL21
POL22
POL23
POL24
POL25
POL26
POL27
POL28
POL29
POL30
POL31
POL32
POL33
POL34
POL35
POL36
POL37
POL38
POL39
POL40
POL41
POL42
POL43
POL44
POL45
POL46
POL47
POL48
POL49
POL50
POL51
POL52
POL53
POL54
POL55
POL56
POL57
POL58
POL59
POL60
POL61
POL62
POL63
POL64
POL65
POL66
